"id1" "id2" "simpson"
1 2 0.4
1 3 1
1 4 0.4
2 4 0.4
3 4 1
1 5 0.444444444444444
2 5 0.2
4 5 0.4
1 6 0.333333333333333
2 6 0.4
4 6 0.2
5 6 0.5
1 7 0.666666666666667
2 7 0.6
3 7 1
4 7 0.6
5 7 0.5
6 7 0.333333333333333
1 8 0.714285714285714
2 8 0.4
3 8 1
4 8 0.6
5 8 0.428571428571429
6 8 0.333333333333333
7 8 0.428571428571429
1 9 0.222222222222222
2 9 0.6
4 9 0.2
5 9 0.444444444444444
6 9 0.333333333333333
7 9 0.444444444444444
8 9 0.285714285714286
1 10 0.4
2 10 0.4
4 10 0.4
5 10 0.6
7 10 0.6
8 10 0.4
9 10 0.6
1 11 0.6
2 11 0.2
5 11 0.4
6 11 0.6
7 11 0.6
9 11 0.4
1 12 0.555555555555556
2 12 0.4
3 12 1
4 12 0.4
5 12 0.666666666666667
6 12 0.333333333333333
7 12 0.333333333333333
8 12 0.428571428571429
9 12 0.444444444444444
10 12 0.2
11 12 0.4
1 13 0.25
4 13 0.25
5 13 0.75
6 13 0.25
7 13 0.25
9 13 0.5
10 13 0.25
12 13 0.5
1 14 0.333333333333333
2 14 1
4 14 0.4
5 14 0.222222222222222
6 14 0.333333333333333
7 14 0.555555555555556
8 14 0.571428571428571
9 14 0.666666666666667
10 14 0.6
11 14 0.2
12 14 0.222222222222222
13 14 0.25
1 15 0.2
5 15 0.4
6 15 0.4
7 15 0.2
8 15 0.2
9 15 0.6
10 15 0.2
11 15 0.6
12 15 0.2
13 15 0.25
14 15 0.4
1 16 0.2
2 16 0.4
4 16 0.2
5 16 0.4
6 16 0.2
7 16 0.2
8 16 0.4
9 16 1
10 16 0.6
12 16 0.4
13 16 0.5
14 16 0.8
15 16 0.4
4 17 0.5
5 17 1
6 17 0.5
7 17 0.5
9 17 0.5
10 17 0.5
12 17 0.5
13 17 0.5
16 17 0.5
1 18 0.444444444444444
2 18 0.4
4 18 0.4
5 18 0.6
6 18 0.333333333333333
7 18 0.4
8 18 0.571428571428571
9 18 0.555555555555556
10 18 0.2
11 18 0.4
12 18 0.666666666666667
13 18 0.5
14 18 0.555555555555556
15 18 0.4
16 18 0.4
17 18 0.5
1 19 0.333333333333333
2 19 0.6
3 19 1
4 19 0.8
5 19 0.444444444444444
6 19 0.333333333333333
7 19 0.555555555555556
8 19 0.428571428571429
9 19 0.333333333333333
10 19 0.6
11 19 0.2
12 19 0.444444444444444
13 19 0.5
14 19 0.444444444444444
15 19 0.2
16 19 0.2
17 19 0.5
18 19 0.444444444444444
4 20 1
5 20 1
7 20 1
10 20 1
17 20 1
19 20 1
1 21 0.25
2 21 0.5
4 21 0.25
6 21 0.5
7 21 0.5
8 21 0.25
9 21 0.5
11 21 0.25
13 21 0.25
14 21 1
15 21 0.25
16 21 0.25
18 21 0.5
19 21 0.25
1 22 0.666666666666667
2 22 0.333333333333333
4 22 0.333333333333333
5 22 0.333333333333333
6 22 0.333333333333333
7 22 0.666666666666667
8 22 0.333333333333333
9 22 0.666666666666667
10 22 0.666666666666667
11 22 0.333333333333333
13 22 0.333333333333333
14 22 0.333333333333333
15 22 0.333333333333333
16 22 0.333333333333333
19 22 0.666666666666667
1 23 0.333333333333333
2 23 0.4
4 23 0.4
5 23 0.5
6 23 0.5
7 23 0.666666666666667
8 23 0.166666666666667
9 23 0.166666666666667
10 23 0.2
11 23 0.4
12 23 0.166666666666667
13 23 0.5
14 23 0.5
15 23 0.2
18 23 0.5
19 23 0.5
21 23 0.75
22 23 0.333333333333333
1 24 0.571428571428571
2 24 0.6
4 24 0.4
5 24 0.571428571428571
6 24 0.333333333333333
7 24 0.571428571428571
8 24 0.142857142857143
9 24 0.571428571428571
10 24 0.6
11 24 0.4
12 24 0.571428571428571
13 24 0.75
14 24 0.428571428571429
16 24 0.6
17 24 0.5
18 24 0.428571428571429
19 24 0.428571428571429
21 24 0.25
22 24 0.666666666666667
23 24 0.5
1 25 0.444444444444444
2 25 0.4
4 25 0.4
5 25 0.5
6 25 0.166666666666667
7 25 0.5
8 25 0.428571428571429
9 25 0.555555555555556
10 25 0.6
11 25 0.4
12 25 0.444444444444444
13 25 0.5
14 25 0.666666666666667
15 25 0.4
16 25 0.6
17 25 0.5
18 25 0.6
19 25 0.444444444444444
20 25 1
21 25 0.75
23 25 0.5
24 25 0.571428571428571
1 26 0.333333333333333
2 26 0.8
4 26 0.6
5 26 0.6
6 26 0.5
7 26 0.4
8 26 0.714285714285714
9 26 0.555555555555556
10 26 0.6
11 26 0.2
12 26 0.555555555555556
13 26 0.5
14 26 0.666666666666667
15 26 0.4
16 26 0.8
17 26 0.5
18 26 0.7
19 26 0.555555555555556
21 26 0.25
22 26 0.333333333333333
23 26 0.5
24 26 0.571428571428571
25 26 0.5
1 27 0.833333333333333
2 27 0.2
3 27 1
4 27 0.2
5 27 0.666666666666667
6 27 0.166666666666667
7 27 0.666666666666667
8 27 0.333333333333333
9 27 0.333333333333333
10 27 0.2
11 27 0.4
12 27 0.833333333333333
13 27 0.25
14 27 0.166666666666667
15 27 0.2
18 27 0.5
19 27 0.5
22 27 0.333333333333333
23 27 0.166666666666667
24 27 0.333333333333333
25 27 0.166666666666667
26 27 0.166666666666667
1 28 0.5
2 28 0.75
4 28 0.5
5 28 0.25
6 28 0.25
7 28 0.25
8 28 0.75
9 28 0.5
10 28 0.5
12 28 0.5
14 28 0.75
16 28 0.5
18 28 0.5
19 28 0.5
21 28 0.25
22 28 0.333333333333333
23 28 0.25
24 28 0.5
25 28 0.5
26 28 1
1 29 0.75
2 29 0.25
4 29 0.25
5 29 0.5
6 29 0.25
7 29 0.5
8 29 0.5
11 29 0.25
12 29 0.5
13 29 0.25
14 29 0.5
18 29 0.75
19 29 0.5
21 29 0.25
23 29 0.5
24 29 0.5
25 29 1
26 29 0.75
28 29 0.25
1 30 0.444444444444444
2 30 0.6
4 30 0.4
5 30 0.6
6 30 0.833333333333333
7 30 0.3
8 30 0.571428571428571
9 30 0.444444444444444
10 30 0.4
11 30 0.6
12 30 0.555555555555556
13 30 0.25
14 30 0.444444444444444
15 30 0.6
16 30 0.4
17 30 1
18 30 0.6
19 30 0.444444444444444
20 30 1
21 30 0.5
22 30 0.333333333333333
23 30 0.333333333333333
24 30 0.285714285714286
25 30 0.4
26 30 0.5
27 30 0.5
28 30 0.5
29 30 0.5
1 31 0.555555555555556
2 31 0.2
3 31 1
4 31 0.4
5 31 0.333333333333333
6 31 0.5
7 31 0.777777777777778
8 31 0.285714285714286
9 31 0.222222222222222
10 31 0.4
11 31 0.8
12 31 0.222222222222222
13 31 0.25
14 31 0.333333333333333
15 31 0.6
17 31 0.5
18 31 0.333333333333333
19 31 0.555555555555556
20 31 1
21 31 0.5
22 31 0.666666666666667
23 31 0.666666666666667
24 31 0.285714285714286
25 31 0.444444444444444
26 31 0.222222222222222
27 31 0.5
29 31 0.5
30 31 0.444444444444444
1 32 0.571428571428571
2 32 0.4
3 32 1
4 32 0.6
5 32 0.428571428571429
6 32 0.5
7 32 0.714285714285714
8 32 0.571428571428571
10 32 0.2
11 32 0.4
12 32 0.285714285714286
14 32 0.428571428571429
15 32 0.2
17 32 0.5
18 32 0.428571428571429
19 32 0.571428571428571
20 32 1
21 32 0.5
23 32 0.5
24 32 0.142857142857143
25 32 0.571428571428571
26 32 0.571428571428571
27 32 0.166666666666667
28 32 0.5
29 32 0.75
30 32 0.571428571428571
31 32 0.714285714285714
2 33 0.2
5 33 0.5
6 33 0.5
7 33 0.166666666666667
8 33 0.166666666666667
9 33 0.833333333333333
10 33 0.4
11 33 0.4
12 33 0.333333333333333
13 33 0.5
14 33 0.5
15 33 0.8
16 33 0.8
17 33 0.5
18 33 0.333333333333333
19 33 0.333333333333333
21 33 0.25
22 33 0.333333333333333
23 33 0.166666666666667
24 33 0.333333333333333
25 33 0.5
26 33 0.666666666666667
28 33 0.25
30 33 0.5
31 33 0.333333333333333
32 33 0.166666666666667
1 34 0.444444444444444
2 34 0.6
4 34 0.6
5 34 0.444444444444444
6 34 0.333333333333333
7 34 0.333333333333333
8 34 0.714285714285714
9 34 0.444444444444444
10 34 0.4
11 34 0.4
12 34 0.444444444444444
13 34 0.25
14 34 0.555555555555556
15 34 0.6
16 34 0.4
18 34 0.777777777777778
19 34 0.555555555555556
21 34 0.25
22 34 0.666666666666667
23 34 0.333333333333333
24 34 0.285714285714286
25 34 0.444444444444444
26 34 0.777777777777778
27 34 0.333333333333333
28 34 0.75
29 34 0.75
30 34 0.666666666666667
31 34 0.333333333333333
32 34 0.428571428571429
33 34 0.333333333333333
9 35 1
13 35 1
14 35 1
15 35 1
16 35 1
21 35 1
25 35 1
33 35 1
1 36 0.625
2 36 0.2
3 36 1
4 36 0.2
5 36 0.5
6 36 0.5
7 36 0.5
8 36 0.571428571428571
9 36 0.375
10 36 0.4
11 36 0.2
12 36 0.375
13 36 0.75
14 36 0.5
15 36 0.4
16 36 0.6
17 36 0.5
18 36 0.375
19 36 0.375
21 36 0.5
22 36 0.333333333333333
23 36 0.333333333333333
24 36 0.428571428571429
25 36 0.5
26 36 0.375
27 36 0.5
29 36 0.5
30 36 0.5
31 36 0.5
32 36 0.428571428571429
33 36 0.5
34 36 0.25
35 36 1
1 37 0.333333333333333
2 37 0.6
3 37 1
4 37 0.8
5 37 0.444444444444444
6 37 0.166666666666667
7 37 0.666666666666667
8 37 0.428571428571429
9 37 0.333333333333333
10 37 0.6
12 37 0.444444444444444
13 37 0.5
14 37 0.555555555555556
16 37 0.2
17 37 0.5
18 37 0.555555555555556
19 37 0.888888888888889
20 37 1
21 37 0.5
22 37 0.333333333333333
23 37 0.666666666666667
24 37 0.428571428571429
25 37 0.555555555555556
26 37 0.555555555555556
27 37 0.5
28 37 0.5
29 37 0.5
30 37 0.333333333333333
31 37 0.555555555555556
32 37 0.571428571428571
33 37 0.166666666666667
34 37 0.444444444444444
36 37 0.375
1 38 0.428571428571429
2 38 0.4
3 38 1
4 38 0.4
5 38 0.571428571428571
6 38 0.5
7 38 0.285714285714286
8 38 0.571428571428571
9 38 0.428571428571429
10 38 0.2
11 38 0.2
12 38 0.714285714285714
13 38 0.25
14 38 0.428571428571429
15 38 0.4
16 38 0.4
17 38 0.5
18 38 0.714285714285714
19 38 0.428571428571429
21 38 0.25
23 38 0.166666666666667
24 38 0.142857142857143
25 38 0.142857142857143
26 38 0.571428571428571
27 38 0.666666666666667
28 38 0.25
30 38 0.857142857142857
31 38 0.285714285714286
32 38 0.285714285714286
33 38 0.333333333333333
34 38 0.571428571428571
36 38 0.571428571428571
37 38 0.428571428571429
1 39 0.5
2 39 0.2
4 39 0.2
5 39 0.875
6 39 0.333333333333333
7 39 0.5
8 39 0.571428571428571
9 39 0.375
10 39 0.6
12 39 0.5
13 39 0.5
14 39 0.375
15 39 0.2
16 39 0.4
17 39 1
18 39 0.625
19 39 0.5
20 39 1
22 39 0.333333333333333
23 39 0.166666666666667
24 39 0.285714285714286
25 39 0.5
26 39 0.625
27 39 0.5
28 39 0.25
29 39 0.5
30 39 0.75
31 39 0.375
32 39 0.428571428571429
33 39 0.333333333333333
34 39 0.5
36 39 0.625
37 39 0.5
38 39 0.571428571428571
1 40 0.166666666666667
2 40 0.4
4 40 0.2
5 40 0.666666666666667
6 40 0.333333333333333
7 40 0.166666666666667
8 40 0.333333333333333
9 40 0.666666666666667
10 40 0.4
11 40 0.2
12 40 0.666666666666667
13 40 0.25
14 40 0.5
15 40 0.4
16 40 0.4
18 40 0.5
19 40 0.666666666666667
22 40 0.333333333333333
23 40 0.166666666666667
24 40 0.333333333333333
25 40 0.5
26 40 0.666666666666667
27 40 0.333333333333333
28 40 0.25
29 40 0.25
30 40 0.666666666666667
31 40 0.166666666666667
33 40 0.5
34 40 0.666666666666667
36 40 0.333333333333333
37 40 0.5
38 40 0.5
39 40 0.5
1 41 0.555555555555556
2 41 0.6
4 41 0.6
5 41 0.5
6 41 0.5
7 41 0.6
8 41 0.714285714285714
9 41 0.444444444444444
10 41 0.6
11 41 0.4
12 41 0.444444444444444
14 41 0.555555555555556
15 41 0.2
16 41 0.4
17 41 0.5
18 41 0.5
19 41 0.444444444444444
20 41 1
21 41 0.5
22 41 0.333333333333333
23 41 0.5
24 41 0.428571428571429
25 41 0.6
26 41 0.6
27 41 0.333333333333333
28 41 1
29 41 0.5
30 41 0.4
31 41 0.444444444444444
32 41 0.714285714285714
33 41 0.333333333333333
34 41 0.444444444444444
36 41 0.25
37 41 0.555555555555556
38 41 0.285714285714286
39 41 0.5
40 41 0.333333333333333
1 42 0.571428571428571
2 42 0.6
4 42 0.4
5 42 0.285714285714286
6 42 0.333333333333333
7 42 0.571428571428571
8 42 0.285714285714286
9 42 0.285714285714286
10 42 0.4
11 42 0.6
12 42 0.428571428571429
13 42 0.25
14 42 0.571428571428571
15 42 0.4
16 42 0.4
18 42 0.428571428571429
19 42 0.428571428571429
21 42 0.25
22 42 0.333333333333333
23 42 0.5
24 42 0.571428571428571
25 42 0.571428571428571
26 42 0.714285714285714
27 42 0.166666666666667
28 42 0.5
29 42 0.75
30 42 0.285714285714286
31 42 0.571428571428571
32 42 0.428571428571429
33 42 0.333333333333333
34 42 0.571428571428571
36 42 0.285714285714286
37 42 0.428571428571429
38 42 0.142857142857143
39 42 0.142857142857143
40 42 0.333333333333333
41 42 0.571428571428571
1 43 0.333333333333333
5 43 0.333333333333333
6 43 0.333333333333333
7 43 0.666666666666667
8 43 0.333333333333333
9 43 0.333333333333333
11 43 0.333333333333333
13 43 0.333333333333333
14 43 0.666666666666667
15 43 0.666666666666667
16 43 0.333333333333333
18 43 0.333333333333333
19 43 0.333333333333333
21 43 0.333333333333333
23 43 0.333333333333333
25 43 0.666666666666667
26 43 0.666666666666667
29 43 0.333333333333333
31 43 0.666666666666667
32 43 0.666666666666667
33 43 0.666666666666667
34 43 0.333333333333333
35 43 1
36 43 0.666666666666667
37 43 0.333333333333333
39 43 0.333333333333333
41 43 0.666666666666667
42 43 0.666666666666667
1 44 0.333333333333333
2 44 0.6
4 44 0.4
5 44 0.6
6 44 0.5
7 44 0.6
8 44 0.285714285714286
9 44 0.666666666666667
10 44 0.8
11 44 0.2
12 44 0.444444444444444
13 44 0.75
14 44 0.555555555555556
15 44 0.4
16 44 0.8
17 44 1
18 44 0.3
19 44 0.444444444444444
20 44 1
21 44 0.5
22 44 0.666666666666667
23 44 0.5
24 44 0.571428571428571
25 44 0.4
26 44 0.5
27 44 0.5
28 44 0.5
30 44 0.4
31 44 0.444444444444444
32 44 0.285714285714286
33 44 0.666666666666667
34 44 0.222222222222222
35 44 1
36 44 0.5
37 44 0.555555555555556
38 44 0.428571428571429
39 44 0.625
40 44 0.5
41 44 0.6
42 44 0.428571428571429
43 44 0.666666666666667
1 45 0.5
2 45 0.6
5 45 0.333333333333333
6 45 0.333333333333333
7 45 0.5
8 45 0.333333333333333
9 45 0.5
10 45 0.2
11 45 0.2
12 45 0.5
13 45 0.25
14 45 0.833333333333333
15 45 0.2
16 45 0.4
18 45 0.333333333333333
19 45 0.5
21 45 0.5
23 45 0.166666666666667
24 45 0.333333333333333
25 45 0.666666666666667
26 45 0.5
27 45 0.333333333333333
28 45 0.25
29 45 0.5
30 45 0.5
31 45 0.333333333333333
32 45 0.333333333333333
33 45 0.333333333333333
34 45 0.333333333333333
35 45 1
36 45 0.666666666666667
37 45 0.5
38 45 0.333333333333333
39 45 0.5
40 45 0.5
41 45 0.5
42 45 0.5
43 45 0.666666666666667
44 45 0.666666666666667
5 46 0.5
6 46 0.5
7 46 0.5
9 46 1
12 46 0.5
13 46 0.5
14 46 0.5
16 46 0.5
17 46 0.5
18 46 1
21 46 0.5
23 46 0.5
24 46 0.5
25 46 0.5
26 46 0.5
30 46 0.5
31 46 0.5
33 46 0.5
36 46 0.5
37 46 0.5
38 46 0.5
39 46 0.5
41 46 0.5
44 46 1
1 47 0.5
2 47 0.8
4 47 0.4
5 47 0.125
6 47 0.333333333333333
7 47 0.375
8 47 0.571428571428571
9 47 0.5
10 47 0.6
11 47 0.4
12 47 0.25
13 47 0.25
14 47 0.875
15 47 0.6
16 47 0.8
18 47 0.5
19 47 0.375
21 47 0.75
22 47 0.333333333333333
23 47 0.333333333333333
24 47 0.428571428571429
25 47 0.625
26 47 0.625
27 47 0.166666666666667
28 47 0.75
29 47 0.5
30 47 0.5
31 47 0.375
32 47 0.428571428571429
33 47 0.5
34 47 0.625
35 47 1
36 47 0.5
37 47 0.375
38 47 0.428571428571429
39 47 0.25
40 47 0.333333333333333
41 47 0.5
42 47 0.714285714285714
43 47 0.666666666666667
44 47 0.375
45 47 0.666666666666667
1 48 0.5
4 48 0.5
5 48 1
6 48 0.5
8 48 0.5
12 48 1
13 48 0.5
18 48 0.5
19 48 0.5
23 48 0.5
24 48 0.5
25 48 0.5
26 48 0.5
27 48 0.5
29 48 0.5
30 48 0.5
34 48 0.5
36 48 0.5
37 48 0.5
38 48 0.5
39 48 0.5
40 48 1
41 48 0.5
42 48 0.5
44 48 0.5
45 48 0.5
1 49 0.5
5 49 0.5
6 49 0.5
7 49 0.5
9 49 1
11 49 1
12 49 0.5
15 49 0.5
18 49 0.5
19 49 0.5
22 49 0.5
24 49 0.5
25 49 0.5
27 49 0.5
30 49 0.5
31 49 0.5
33 49 0.5
34 49 0.5
40 49 0.5
41 49 0.5
1 50 0.5
2 50 0.2
4 50 0.4
5 50 0.333333333333333
6 50 0.166666666666667
7 50 0.166666666666667
8 50 0.333333333333333
9 50 0.5
10 50 0.2
11 50 0.4
12 50 0.5
13 50 0.5
14 50 0.333333333333333
15 50 0.6
16 50 0.4
18 50 0.5
19 50 0.333333333333333
21 50 0.25
22 50 0.666666666666667
23 50 0.166666666666667
24 50 0.333333333333333
25 50 0.5
26 50 0.5
27 50 0.166666666666667
28 50 0.5
29 50 0.5
30 50 0.5
31 50 0.333333333333333
32 50 0.166666666666667
33 50 0.333333333333333
34 50 0.833333333333333
35 50 1
36 50 0.166666666666667
37 50 0.166666666666667
38 50 0.166666666666667
39 50 0.166666666666667
40 50 0.333333333333333
41 50 0.333333333333333
42 50 0.5
43 50 0.333333333333333
44 50 0.333333333333333
45 50 0.166666666666667
47 50 0.5
48 50 0.5
49 50 0.5
1 51 0.166666666666667
2 51 0.4
4 51 0.2
5 51 0.5
6 51 0.666666666666667
7 51 0.166666666666667
8 51 0.5
9 51 0.5
10 51 0.4
11 51 0.4
12 51 0.333333333333333
14 51 0.5
15 51 0.6
16 51 0.4
18 51 0.333333333333333
19 51 0.5
21 51 0.25
22 51 0.333333333333333
23 51 0.333333333333333
24 51 0.166666666666667
25 51 0.333333333333333
26 51 0.666666666666667
27 51 0.166666666666667
28 51 0.5
30 51 0.666666666666667
31 51 0.333333333333333
32 51 0.333333333333333
33 51 0.666666666666667
34 51 0.5
36 51 0.333333333333333
37 51 0.333333333333333
38 51 0.5
39 51 0.333333333333333
40 51 0.666666666666667
41 51 0.666666666666667
42 51 0.333333333333333
43 51 0.333333333333333
44 51 0.5
45 51 0.333333333333333
47 51 0.5
48 51 0.5
49 51 0.5
50 51 0.166666666666667
1 52 1
5 52 1
7 52 1
10 52 1
13 52 1
19 52 1
22 52 1
23 52 1
24 52 1
27 52 1
31 52 1
36 52 1
37 52 1
39 52 1
44 52 1
1 53 0.666666666666667
2 53 0.333333333333333
3 53 1
4 53 0.666666666666667
5 53 0.333333333333333
7 53 0.666666666666667
8 53 1
9 53 0.666666666666667
10 53 0.666666666666667
12 53 0.333333333333333
14 53 0.666666666666667
15 53 0.333333333333333
16 53 0.666666666666667
18 53 0.333333333333333
19 53 0.333333333333333
22 53 0.333333333333333
24 53 0.333333333333333
25 53 0.333333333333333
26 53 0.666666666666667
27 53 0.333333333333333
28 53 0.333333333333333
30 53 0.333333333333333
31 53 0.333333333333333
32 53 0.333333333333333
33 53 0.333333333333333
34 53 0.666666666666667
36 53 0.666666666666667
37 53 0.333333333333333
38 53 0.666666666666667
39 53 0.333333333333333
40 53 0.333333333333333
41 53 0.333333333333333
42 53 0.333333333333333
44 53 0.333333333333333
47 53 0.666666666666667
50 53 0.333333333333333
51 53 0.333333333333333
1 54 0.666666666666667
5 54 0.666666666666667
6 54 0.333333333333333
7 54 1
8 54 0.333333333333333
9 54 0.333333333333333
11 54 0.666666666666667
12 54 0.333333333333333
14 54 0.333333333333333
15 54 0.333333333333333
18 54 0.666666666666667
19 54 0.333333333333333
23 54 0.333333333333333
24 54 0.333333333333333
25 54 0.666666666666667
26 54 0.666666666666667
27 54 0.333333333333333
29 54 0.333333333333333
31 54 0.666666666666667
32 54 0.666666666666667
33 54 0.333333333333333
34 54 0.333333333333333
36 54 0.333333333333333
37 54 0.333333333333333
39 54 0.333333333333333
41 54 1
42 54 0.666666666666667
43 54 0.666666666666667
44 54 0.333333333333333
45 54 0.333333333333333
47 54 0.333333333333333
49 54 0.5
51 54 0.333333333333333
1 55 0.5
2 55 0.4
4 55 0.4
5 55 0.625
6 55 0.5
7 55 0.5
8 55 0.428571428571429
9 55 0.25
10 55 0.2
11 55 0.4
12 55 0.5
13 55 0.25
14 55 0.375
15 55 0.2
17 55 0.5
18 55 0.5
19 55 0.625
20 55 1
21 55 0.25
22 55 0.333333333333333
23 55 0.333333333333333
24 55 0.285714285714286
25 55 0.625
26 55 0.5
27 55 0.333333333333333
28 55 0.25
29 55 1
30 55 0.75
31 55 0.5
32 55 0.571428571428571
33 55 0.166666666666667
34 55 0.625
36 55 0.375
37 55 0.5
38 55 0.285714285714286
39 55 0.625
40 55 0.666666666666667
41 55 0.5
42 55 0.428571428571429
43 55 0.333333333333333
44 55 0.375
45 55 0.666666666666667
47 55 0.25
48 55 1
49 55 0.5
50 55 0.5
51 55 0.333333333333333
54 55 0.333333333333333
1 56 0.666666666666667
5 56 0.333333333333333
6 56 0.166666666666667
7 56 0.333333333333333
8 56 0.333333333333333
9 56 0.333333333333333
10 56 0.2
11 56 0.4
12 56 0.333333333333333
13 56 0.5
14 56 0.333333333333333
15 56 0.6
16 56 0.2
18 56 0.5
19 56 0.5
21 56 0.25
22 56 0.666666666666667
23 56 0.166666666666667
24 56 0.166666666666667
25 56 0.5
26 56 0.333333333333333
27 56 0.333333333333333
28 56 0.25
29 56 0.5
30 56 0.5
31 56 0.666666666666667
32 56 0.333333333333333
33 56 0.333333333333333
34 56 0.666666666666667
35 56 1
36 56 0.5
37 56 0.333333333333333
38 56 0.166666666666667
39 56 0.5
40 56 0.166666666666667
41 56 0.333333333333333
42 56 0.333333333333333
43 56 0.666666666666667
44 56 0.333333333333333
45 56 0.333333333333333
47 56 0.5
49 56 0.5
50 56 0.666666666666667
51 56 0.166666666666667
52 56 1
54 56 0.333333333333333
55 56 0.5
1 57 0.571428571428571
2 57 0.2
4 57 0.2
5 57 0.428571428571429
6 57 0.166666666666667
7 57 0.571428571428571
8 57 0.285714285714286
9 57 0.285714285714286
10 57 0.4
11 57 0.4
12 57 0.285714285714286
13 57 0.5
14 57 0.571428571428571
15 57 0.4
16 57 0.2
18 57 0.714285714285714
19 57 0.428571428571429
21 57 0.5
22 57 0.333333333333333
23 57 0.666666666666667
24 57 0.428571428571429
25 57 0.714285714285714
26 57 0.428571428571429
27 57 0.333333333333333
29 57 0.75
30 57 0.428571428571429
31 57 0.714285714285714
32 57 0.285714285714286
33 57 0.166666666666667
34 57 0.571428571428571
36 57 0.571428571428571
37 57 0.571428571428571
38 57 0.285714285714286
39 57 0.428571428571429
40 57 0.333333333333333
41 57 0.285714285714286
42 57 0.571428571428571
43 57 0.333333333333333
44 57 0.285714285714286
45 57 0.333333333333333
46 57 0.5
47 57 0.571428571428571
48 57 0.5
50 57 0.333333333333333
51 57 0.166666666666667
52 57 1
53 57 0.333333333333333
54 57 0.333333333333333
55 57 0.428571428571429
56 57 0.5
1 58 0.428571428571429
2 58 0.2
4 58 0.2
5 58 0.714285714285714
6 58 0.333333333333333
7 58 0.571428571428571
9 58 0.428571428571429
10 58 0.6
11 58 0.6
12 58 0.571428571428571
13 58 0.5
14 58 0.142857142857143
15 58 0.4
16 58 0.4
17 58 1
18 58 0.428571428571429
19 58 0.428571428571429
20 58 1
22 58 0.333333333333333
23 58 0.333333333333333
24 58 0.571428571428571
25 58 0.428571428571429
26 58 0.428571428571429
27 58 0.5
28 58 0.25
30 58 0.428571428571429
31 58 0.571428571428571
32 58 0.285714285714286
33 58 0.5
34 58 0.142857142857143
36 58 0.285714285714286
37 58 0.428571428571429
38 58 0.285714285714286
39 58 0.428571428571429
40 58 0.166666666666667
41 58 0.571428571428571
42 58 0.428571428571429
43 58 0.333333333333333
44 58 0.714285714285714
45 58 0.166666666666667
46 58 0.5
47 58 0.285714285714286
49 58 0.5
50 58 0.166666666666667
51 58 0.333333333333333
52 58 1
54 58 0.666666666666667
55 58 0.142857142857143
56 58 0.333333333333333
57 58 0.285714285714286
1 59 0.833333333333333
2 59 0.2
3 59 1
4 59 0.4
5 59 0.666666666666667
6 59 0.333333333333333
7 59 0.666666666666667
8 59 0.5
9 59 0.5
10 59 0.4
11 59 0.2
12 59 0.666666666666667
13 59 0.5
14 59 0.166666666666667
16 59 0.4
17 59 0.5
18 59 0.333333333333333
19 59 0.333333333333333
22 59 0.666666666666667
23 59 0.166666666666667
24 59 0.666666666666667
25 59 0.166666666666667
26 59 0.333333333333333
27 59 0.666666666666667
28 59 0.25
30 59 0.333333333333333
31 59 0.333333333333333
32 59 0.166666666666667
33 59 0.166666666666667
34 59 0.166666666666667
36 59 0.666666666666667
37 59 0.333333333333333
38 59 0.5
39 59 0.5
40 59 0.166666666666667
41 59 0.5
42 59 0.166666666666667
44 59 0.666666666666667
45 59 0.166666666666667
46 59 0.5
47 59 0.166666666666667
48 59 0.5
49 59 0.5
50 59 0.166666666666667
51 59 0.166666666666667
52 59 1
53 59 0.666666666666667
54 59 0.333333333333333
55 59 0.166666666666667
56 59 0.166666666666667
57 59 0.166666666666667
58 59 0.5
1 60 0.75
2 60 0.4
3 60 1
4 60 0.6
5 60 0.375
6 60 0.5
7 60 0.625
8 60 0.714285714285714
9 60 0.25
10 60 0.2
11 60 0.6
12 60 0.5
14 60 0.375
15 60 0.4
16 60 0.2
18 60 0.5
19 60 0.375
21 60 0.25
22 60 0.333333333333333
23 60 0.333333333333333
24 60 0.285714285714286
25 60 0.25
26 60 0.5
27 60 0.666666666666667
28 60 0.5
29 60 0.25
30 60 0.375
31 60 0.5
32 60 0.571428571428571
33 60 0.166666666666667
34 60 0.5
36 60 0.375
37 60 0.375
38 60 0.571428571428571
39 60 0.25
40 60 0.166666666666667
41 60 0.75
42 60 0.571428571428571
43 60 0.666666666666667
44 60 0.375
45 60 0.333333333333333
47 60 0.5
48 60 0.5
49 60 0.5
50 60 0.333333333333333
51 60 0.5
53 60 0.666666666666667
54 60 1
55 60 0.25
56 60 0.333333333333333
57 60 0.285714285714286
58 60 0.428571428571429
59 60 0.666666666666667
1 61 0.142857142857143
2 61 0.6
4 61 0.4
5 61 0.142857142857143
6 61 0.5
7 61 0.285714285714286
8 61 0.285714285714286
9 61 0.857142857142857
10 61 0.4
11 61 0.2
12 61 0.285714285714286
13 61 0.5
14 61 0.714285714285714
15 61 0.4
16 61 0.8
17 61 0.5
18 61 0.428571428571429
19 61 0.428571428571429
21 61 0.75
22 61 0.666666666666667
23 61 0.333333333333333
24 61 0.428571428571429
25 61 0.428571428571429
26 61 0.571428571428571
28 61 0.75
30 61 0.428571428571429
31 61 0.285714285714286
32 61 0.142857142857143
33 61 0.666666666666667
34 61 0.428571428571429
35 61 1
36 61 0.285714285714286
37 61 0.428571428571429
38 61 0.285714285714286
39 61 0.142857142857143
40 61 0.333333333333333
41 61 0.571428571428571
42 61 0.285714285714286
43 61 0.333333333333333
44 61 0.714285714285714
45 61 0.333333333333333
46 61 1
47 61 0.571428571428571
49 61 0.5
50 61 0.5
51 61 0.5
53 61 0.333333333333333
55 61 0.142857142857143
56 61 0.333333333333333
57 61 0.142857142857143
58 61 0.285714285714286
59 61 0.333333333333333
60 61 0.285714285714286
1 62 1
3 62 1
4 62 1
7 62 1
8 62 1
12 62 1
19 62 1
27 62 1
31 62 1
32 62 1
36 62 1
37 62 1
38 62 1
53 62 1
59 62 1
60 62 1
1 63 0.5
3 63 1
4 63 0.5
5 63 0.75
6 63 0.25
7 63 0.5
8 63 0.25
9 63 0.5
11 63 0.25
12 63 1
13 63 0.5
16 63 0.25
17 63 0.5
18 63 0.75
19 63 0.5
23 63 0.25
24 63 0.75
25 63 0.5
26 63 0.5
27 63 0.5
29 63 0.25
30 63 0.25
31 63 0.25
32 63 0.25
33 63 0.25
34 63 0.25
36 63 0.5
37 63 0.5
38 63 0.5
39 63 0.25
40 63 0.25
41 63 0.25
42 63 0.25
44 63 0.25
46 63 0.5
48 63 0.5
49 63 0.5
50 63 0.25
53 63 0.333333333333333
54 63 0.333333333333333
55 63 0.25
57 63 0.25
58 63 0.5
59 63 0.75
60 63 0.5
61 63 0.25
62 63 1
1 64 0.125
2 64 0.6
4 64 0.4
5 64 0.375
6 64 0.666666666666667
7 64 0.25
8 64 0.285714285714286
9 64 0.625
10 64 0.4
11 64 0.4
12 64 0.375
13 64 0.5
14 64 0.625
15 64 0.4
16 64 0.6
17 64 0.5
18 64 0.625
19 64 0.5
21 64 0.75
22 64 0.333333333333333
23 64 0.666666666666667
24 64 0.571428571428571
25 64 0.625
26 64 0.625
28 64 0.5
29 64 0.5
30 64 0.625
31 64 0.375
32 64 0.285714285714286
33 64 0.666666666666667
34 64 0.5
36 64 0.375
37 64 0.5
38 64 0.428571428571429
39 64 0.25
40 64 0.666666666666667
41 64 0.375
42 64 0.428571428571429
44 64 0.375
45 64 0.333333333333333
46 64 1
47 64 0.5
48 64 0.5
49 64 0.5
50 64 0.333333333333333
51 64 0.666666666666667
53 64 0.333333333333333
55 64 0.375
56 64 0.166666666666667
57 64 0.571428571428571
58 64 0.285714285714286
59 64 0.166666666666667
60 64 0.125
61 64 0.714285714285714
63 64 0.5
1 65 0.444444444444444
2 65 0.4
5 65 0.666666666666667
6 65 0.333333333333333
7 65 0.333333333333333
8 65 0.285714285714286
9 65 0.666666666666667
10 65 0.6
11 65 0.6
12 65 0.666666666666667
13 65 0.5
14 65 0.333333333333333
15 65 0.6
16 65 0.6
17 65 0.5
18 65 0.666666666666667
19 65 0.444444444444444
22 65 0.666666666666667
23 65 0.166666666666667
24 65 0.571428571428571
25 65 0.444444444444444
26 65 0.555555555555556
27 65 0.666666666666667
28 65 0.5
29 65 0.25
30 65 0.666666666666667
31 65 0.333333333333333
32 65 0.142857142857143
33 65 0.666666666666667
34 65 0.555555555555556
36 65 0.375
37 65 0.333333333333333
38 65 0.571428571428571
39 65 0.625
40 65 0.666666666666667
41 65 0.333333333333333
42 65 0.285714285714286
44 65 0.444444444444444
45 65 0.333333333333333
46 65 0.5
47 65 0.375
49 65 1
50 65 0.5
51 65 0.5
52 65 1
53 65 0.333333333333333
54 65 0.333333333333333
55 65 0.375
56 65 0.666666666666667
57 65 0.428571428571429
58 65 0.714285714285714
59 65 0.5
60 65 0.25
61 65 0.428571428571429
63 65 0.5
64 65 0.5
1 66 0.555555555555556
2 66 0.6
4 66 0.2
5 66 0.222222222222222
6 66 0.666666666666667
7 66 0.222222222222222
8 66 0.571428571428571
9 66 0.333333333333333
10 66 0.2
11 66 0.6
12 66 0.444444444444444
13 66 0.25
14 66 0.555555555555556
15 66 0.6
16 66 0.4
18 66 0.444444444444444
19 66 0.444444444444444
21 66 0.75
22 66 0.333333333333333
23 66 0.333333333333333
24 66 0.285714285714286
25 66 0.555555555555556
26 66 0.444444444444444
27 66 0.333333333333333
28 66 0.75
29 66 0.75
30 66 0.666666666666667
31 66 0.444444444444444
32 66 0.571428571428571
33 66 0.5
34 66 0.555555555555556
35 66 1
36 66 0.5
37 66 0.333333333333333
38 66 0.428571428571429
39 66 0.375
40 66 0.5
41 66 0.555555555555556
42 66 0.571428571428571
43 66 0.666666666666667
44 66 0.333333333333333
45 66 0.833333333333333
47 66 0.75
48 66 0.5
49 66 0.5
50 66 0.666666666666667
51 66 0.666666666666667
54 66 0.333333333333333
55 66 0.625
56 66 0.833333333333333
57 66 0.428571428571429
58 66 0.285714285714286
59 66 0.166666666666667
60 66 0.5
61 66 0.571428571428571
64 66 0.5
65 66 0.444444444444444
1 67 0.285714285714286
2 67 0.2
4 67 0.4
5 67 0.714285714285714
7 67 0.428571428571429
8 67 0.142857142857143
9 67 0.428571428571429
10 67 0.6
11 67 0.2
12 67 0.428571428571429
13 67 0.75
14 67 0.428571428571429
15 67 0.6
16 67 0.4
17 67 0.5
18 67 0.571428571428571
19 67 0.571428571428571
20 67 1
21 67 0.25
22 67 0.333333333333333
23 67 0.333333333333333
24 67 0.285714285714286
25 67 0.571428571428571
26 67 0.428571428571429
27 67 0.5
29 67 0.25
30 67 0.571428571428571
31 67 0.428571428571429
32 67 0.142857142857143
33 67 0.333333333333333
34 67 0.571428571428571
35 67 1
36 67 0.428571428571429
37 67 0.571428571428571
38 67 0.428571428571429
39 67 0.571428571428571
40 67 0.5
41 67 0.142857142857143
42 67 0.285714285714286
43 67 0.333333333333333
44 67 0.571428571428571
45 67 0.333333333333333
47 67 0.428571428571429
48 67 0.5
50 67 0.5
51 67 0.166666666666667
52 67 1
53 67 0.333333333333333
55 67 0.428571428571429
56 67 0.5
57 67 0.571428571428571
58 67 0.428571428571429
59 67 0.166666666666667
60 67 0.142857142857143
61 67 0.142857142857143
63 67 0.25
64 67 0.285714285714286
65 67 0.571428571428571
66 67 0.285714285714286
1 68 1
5 68 1
6 68 0.5
8 68 1
12 68 1
18 68 0.5
25 68 0.5
26 68 0.5
27 68 0.5
28 68 0.5
29 68 0.5
30 68 1
32 68 0.5
34 68 0.5
36 68 0.5
38 68 0.5
39 68 1
40 68 0.5
41 68 1
44 68 0.5
45 68 0.5
48 68 0.5
50 68 0.5
51 68 0.5
55 68 1
56 68 0.5
59 68 0.5
60 68 0.5
65 68 0.5
66 68 1
2 69 0.25
4 69 0.25
5 69 0.5
6 69 0.25
7 69 0.75
9 69 0.5
10 69 0.5
11 69 0.25
12 69 0.25
14 69 0.5
15 69 0.25
16 69 0.25
17 69 0.5
18 69 0.25
19 69 0.5
20 69 1
21 69 0.25
23 69 0.5
24 69 0.25
25 69 0.75
26 69 0.5
28 69 0.25
30 69 0.25
31 69 0.75
32 69 0.5
33 69 0.5
37 69 0.75
39 69 0.25
40 69 0.25
41 69 1
42 69 0.5
43 69 0.333333333333333
44 69 1
45 69 0.25
46 69 0.5
47 69 0.25
51 69 0.5
54 69 0.333333333333333
55 69 0.25
57 69 0.25
58 69 0.75
60 69 0.25
61 69 0.5
64 69 0.5
65 69 0.25
66 69 0.25
67 69 0.25
1 70 0.571428571428571
2 70 0.2
3 70 1
4 70 0.4
5 70 0.428571428571429
6 70 0.5
7 70 0.428571428571429
8 70 0.714285714285714
9 70 0.142857142857143
11 70 0.2
12 70 0.428571428571429
13 70 0.25
14 70 0.428571428571429
15 70 0.4
16 70 0.2
18 70 0.428571428571429
19 70 0.428571428571429
21 70 0.5
23 70 0.333333333333333
25 70 0.428571428571429
26 70 0.571428571428571
27 70 0.333333333333333
28 70 0.5
29 70 0.5
30 70 0.428571428571429
31 70 0.428571428571429
32 70 0.714285714285714
33 70 0.333333333333333
34 70 0.428571428571429
35 70 1
36 70 0.571428571428571
37 70 0.428571428571429
38 70 0.428571428571429
39 70 0.428571428571429
40 70 0.166666666666667
41 70 0.714285714285714
42 70 0.285714285714286
43 70 1
44 70 0.428571428571429
45 70 0.5
47 70 0.428571428571429
48 70 0.5
50 70 0.333333333333333
51 70 0.5
53 70 0.333333333333333
54 70 0.666666666666667
55 70 0.428571428571429
56 70 0.5
57 70 0.142857142857143
58 70 0.142857142857143
59 70 0.333333333333333
60 70 0.714285714285714
61 70 0.285714285714286
62 70 1
63 70 0.25
64 70 0.142857142857143
65 70 0.142857142857143
66 70 0.714285714285714
67 70 0.142857142857143
68 70 1
69 70 0.25
1 71 0.5
2 71 0.4
5 71 0.666666666666667
6 71 0.333333333333333
7 71 0.666666666666667
8 71 0.166666666666667
9 71 0.5
10 71 0.2
11 71 0.8
12 71 0.5
14 71 0.5
15 71 0.6
16 71 0.2
18 71 0.666666666666667
19 71 0.166666666666667
21 71 0.25
23 71 0.333333333333333
24 71 0.333333333333333
25 71 0.5
26 71 0.5
27 71 0.5
29 71 0.25
30 71 0.666666666666667
31 71 0.5
32 71 0.333333333333333
33 71 0.333333333333333
34 71 0.5
36 71 0.333333333333333
37 71 0.166666666666667
38 71 0.5
39 71 0.333333333333333
40 71 0.333333333333333
41 71 0.333333333333333
42 71 0.5
43 71 0.333333333333333
44 71 0.333333333333333
45 71 0.333333333333333
47 71 0.5
49 71 0.5
50 71 0.166666666666667
51 71 0.333333333333333
53 71 0.333333333333333
54 71 0.666666666666667
55 71 0.333333333333333
56 71 0.166666666666667
57 71 0.5
58 71 0.5
59 71 0.166666666666667
60 71 0.5
63 71 0.25
64 71 0.333333333333333
65 71 0.666666666666667
66 71 0.333333333333333
67 71 0.5
69 71 0.25
70 71 0.166666666666667
4 72 1
5 72 1
12 72 1
13 72 1
18 72 1
19 72 1
23 72 1
24 72 1
25 72 1
26 72 1
29 72 1
34 72 1
37 72 1
40 72 1
42 72 1
48 72 1
50 72 1
55 72 1
57 72 1
63 72 1
64 72 1
67 72 1
1 73 0.2
2 73 0.4
4 73 0.2
5 73 0.4
6 73 0.4
7 73 0.6
8 73 0.2
9 73 0.6
10 73 0.2
11 73 0.4
12 73 0.4
14 73 0.6
15 73 0.2
16 73 0.2
18 73 0.6
19 73 0.4
21 73 0.5
23 73 0.6
24 73 0.4
25 73 0.6
26 73 0.6
27 73 0.2
28 73 0.5
30 73 0.2
31 73 0.4
32 73 0.4
33 73 0.4
34 73 0.2
37 73 0.6
38 73 0.2
40 73 0.2
41 73 1
42 73 0.4
43 73 0.333333333333333
44 73 0.6
45 73 0.2
46 73 0.5
47 73 0.4
49 73 0.5
51 73 0.6
54 73 0.666666666666667
57 73 0.2
58 73 0.6
59 73 0.2
60 73 0.6
61 73 0.6
63 73 0.25
64 73 0.6
65 73 0.4
66 73 0.4
69 73 0.75
70 73 0.4
71 73 0.4
1 74 0.5
2 74 0.6
4 74 0.2
5 74 0.333333333333333
6 74 0.166666666666667
7 74 0.5
8 74 0.166666666666667
9 74 0.833333333333333
10 74 0.4
11 74 0.6
12 74 0.666666666666667
14 74 0.5
15 74 0.4
16 74 0.4
18 74 0.5
19 74 0.5
22 74 0.666666666666667
24 74 0.5
25 74 0.333333333333333
26 74 0.5
27 74 0.5
28 74 0.5
30 74 0.5
31 74 0.333333333333333
33 74 0.333333333333333
34 74 0.666666666666667
37 74 0.333333333333333
38 74 0.333333333333333
39 74 0.166666666666667
40 74 0.5
41 74 0.5
42 74 0.5
44 74 0.5
45 74 0.333333333333333
47 74 0.5
49 74 1
50 74 0.5
51 74 0.333333333333333
53 74 0.333333333333333
54 74 0.333333333333333
55 74 0.333333333333333
56 74 0.333333333333333
57 74 0.166666666666667
58 74 0.5
59 74 0.333333333333333
60 74 0.5
61 74 0.5
63 74 0.25
64 74 0.333333333333333
65 74 0.833333333333333
66 74 0.5
67 74 0.333333333333333
69 74 0.25
71 74 0.5
73 74 0.4
4 75 1
5 75 1
12 75 1
13 75 1
18 75 1
19 75 1
23 75 1
24 75 1
25 75 1
26 75 1
29 75 1
34 75 1
37 75 1
40 75 1
42 75 1
48 75 1
50 75 1
55 75 1
57 75 1
63 75 1
64 75 1
67 75 1
72 75 1
1 76 0.333333333333333
2 76 0.6
4 76 0.4
5 76 0.444444444444444
6 76 0.5
7 76 0.222222222222222
8 76 0.428571428571429
9 76 0.555555555555556
10 76 0.4
11 76 0.6
12 76 0.444444444444444
13 76 0.5
14 76 0.555555555555556
15 76 0.6
16 76 0.6
18 76 0.555555555555556
19 76 0.444444444444444
21 76 0.75
22 76 0.333333333333333
23 76 0.5
24 76 0.571428571428571
25 76 0.777777777777778
26 76 0.555555555555556
27 76 0.166666666666667
28 76 0.75
29 76 0.75
30 76 0.555555555555556
31 76 0.222222222222222
32 76 0.428571428571429
33 76 0.666666666666667
34 76 0.555555555555556
35 76 1
36 76 0.375
37 76 0.333333333333333
38 76 0.285714285714286
39 76 0.25
40 76 0.666666666666667
41 76 0.444444444444444
42 76 0.428571428571429
43 76 0.333333333333333
44 76 0.222222222222222
45 76 0.5
47 76 0.625
48 76 0.5
49 76 1
50 76 0.666666666666667
51 76 0.666666666666667
53 76 0.333333333333333
54 76 0.333333333333333
55 76 0.5
56 76 0.5
57 76 0.428571428571429
58 76 0.285714285714286
59 76 0.166666666666667
60 76 0.25
61 76 0.571428571428571
63 76 0.5
64 76 0.75
65 76 0.555555555555556
66 76 0.666666666666667
67 76 0.428571428571429
68 76 0.5
69 76 0.25
70 76 0.428571428571429
71 76 0.5
72 76 1
73 76 0.6
74 76 0.5
75 76 1
1 77 0.428571428571429
2 77 0.2
5 77 0.571428571428571
6 77 0.666666666666667
7 77 0.285714285714286
8 77 0.285714285714286
9 77 0.428571428571429
10 77 0.2
11 77 0.6
12 77 0.428571428571429
13 77 0.5
14 77 0.428571428571429
15 77 0.8
16 77 0.6
17 77 0.5
18 77 0.428571428571429
21 77 0.5
23 77 0.333333333333333
24 77 0.285714285714286
25 77 0.428571428571429
26 77 0.428571428571429
27 77 0.333333333333333
29 77 0.25
30 77 0.714285714285714
31 77 0.428571428571429
32 77 0.285714285714286
33 77 0.666666666666667
34 77 0.285714285714286
35 77 1
36 77 0.714285714285714
38 77 0.571428571428571
39 77 0.428571428571429
40 77 0.333333333333333
41 77 0.285714285714286
42 77 0.428571428571429
43 77 0.666666666666667
44 77 0.571428571428571
45 77 0.5
46 77 0.5
47 77 0.571428571428571
48 77 0.5
50 77 0.333333333333333
51 77 0.5
53 77 0.333333333333333
54 77 0.333333333333333
55 77 0.285714285714286
56 77 0.333333333333333
57 77 0.428571428571429
58 77 0.428571428571429
59 77 0.333333333333333
60 77 0.428571428571429
61 77 0.285714285714286
63 77 0.25
64 77 0.428571428571429
65 77 0.428571428571429
66 77 0.571428571428571
67 77 0.428571428571429
68 77 0.5
69 77 0.25
70 77 0.428571428571429
71 77 0.666666666666667
73 77 0.2
74 77 0.166666666666667
76 77 0.428571428571429
1 78 0.428571428571429
2 78 0.2
3 78 1
4 78 0.4
5 78 0.428571428571429
6 78 0.333333333333333
7 78 0.714285714285714
8 78 0.428571428571429
9 78 0.714285714285714
10 78 0.4
11 78 0.6
12 78 0.285714285714286
14 78 0.428571428571429
15 78 0.6
16 78 0.4
18 78 0.428571428571429
19 78 0.285714285714286
21 78 0.25
22 78 0.666666666666667
23 78 0.333333333333333
24 78 0.285714285714286
25 78 0.428571428571429
26 78 0.428571428571429
27 78 0.333333333333333
28 78 0.25
30 78 0.285714285714286
31 78 0.571428571428571
32 78 0.285714285714286
33 78 0.5
34 78 0.428571428571429
36 78 0.285714285714286
37 78 0.285714285714286
38 78 0.285714285714286
39 78 0.142857142857143
40 78 0.333333333333333
41 78 0.571428571428571
42 78 0.285714285714286
43 78 0.333333333333333
44 78 0.428571428571429
46 78 0.5
47 78 0.285714285714286
49 78 1
50 78 0.333333333333333
51 78 0.5
53 78 1
54 78 0.666666666666667
55 78 0.142857142857143
56 78 0.166666666666667
57 78 0.285714285714286
58 78 0.285714285714286
59 78 0.5
60 78 0.571428571428571
61 78 0.428571428571429
62 78 1
63 78 0.5
64 78 0.428571428571429
65 78 0.428571428571429
66 78 0.142857142857143
67 78 0.142857142857143
69 78 0.5
70 78 0.285714285714286
71 78 0.5
73 78 0.6
74 78 0.5
76 78 0.428571428571429
77 78 0.285714285714286
1 79 0.333333333333333
6 79 0.333333333333333
7 79 0.666666666666667
8 79 0.333333333333333
9 79 0.666666666666667
11 79 0.333333333333333
14 79 0.666666666666667
15 79 0.333333333333333
18 79 0.666666666666667
19 79 0.666666666666667
21 79 0.333333333333333
22 79 0.333333333333333
23 79 0.333333333333333
25 79 0.666666666666667
26 79 0.333333333333333
29 79 0.333333333333333
30 79 0.333333333333333
31 79 1
32 79 0.333333333333333
33 79 0.333333333333333
34 79 0.666666666666667
36 79 0.333333333333333
37 79 0.666666666666667
39 79 0.333333333333333
40 79 0.333333333333333
41 79 0.666666666666667
42 79 0.333333333333333
43 79 0.333333333333333
44 79 0.333333333333333
45 79 0.333333333333333
46 79 0.5
47 79 0.333333333333333
49 79 0.5
50 79 0.333333333333333
51 79 0.333333333333333
54 79 0.333333333333333
55 79 0.666666666666667
56 79 0.666666666666667
57 79 0.666666666666667
60 79 0.333333333333333
61 79 0.666666666666667
64 79 0.666666666666667
65 79 0.333333333333333
66 79 0.666666666666667
69 79 0.333333333333333
70 79 0.333333333333333
73 79 0.333333333333333
74 79 0.333333333333333
76 79 0.333333333333333
78 79 0.666666666666667
1 80 0.333333333333333
5 80 0.666666666666667
6 80 0.666666666666667
8 80 0.333333333333333
9 80 0.666666666666667
11 80 0.333333333333333
12 80 0.666666666666667
13 80 0.333333333333333
15 80 0.333333333333333
16 80 0.333333333333333
17 80 0.5
18 80 0.666666666666667
19 80 0.333333333333333
22 80 0.333333333333333
24 80 0.333333333333333
25 80 0.333333333333333
26 80 0.666666666666667
28 80 0.333333333333333
29 80 0.333333333333333
30 80 1
31 80 0.333333333333333
32 80 0.333333333333333
33 80 0.666666666666667
34 80 0.666666666666667
36 80 0.333333333333333
38 80 0.333333333333333
39 80 0.666666666666667
40 80 0.333333333333333
41 80 0.333333333333333
44 80 0.333333333333333
46 80 0.5
49 80 0.5
50 80 0.666666666666667
51 80 0.333333333333333
55 80 0.666666666666667
56 80 0.666666666666667
58 80 0.333333333333333
59 80 0.333333333333333
61 80 0.666666666666667
63 80 0.333333333333333
64 80 0.666666666666667
65 80 1
66 80 0.666666666666667
68 80 0.5
70 80 0.333333333333333
74 80 0.333333333333333
76 80 0.666666666666667
77 80 0.333333333333333
78 80 0.333333333333333
79 80 0.333333333333333
1 81 0.5
4 81 0.2
5 81 0.666666666666667
6 81 0.5
7 81 0.666666666666667
8 81 0.333333333333333
9 81 0.333333333333333
10 81 0.2
11 81 0.6
12 81 0.333333333333333
14 81 0.166666666666667
15 81 0.4
17 81 0.5
18 81 0.333333333333333
19 81 0.5
20 81 1
22 81 0.333333333333333
23 81 0.166666666666667
24 81 0.166666666666667
25 81 0.5
26 81 0.333333333333333
27 81 0.333333333333333
29 81 0.25
30 81 0.5
31 81 0.666666666666667
32 81 0.5
33 81 0.333333333333333
34 81 0.333333333333333
36 81 0.333333333333333
37 81 0.333333333333333
38 81 0.166666666666667
39 81 0.5
40 81 0.333333333333333
41 81 0.833333333333333
42 81 0.333333333333333
43 81 0.666666666666667
44 81 0.5
45 81 0.333333333333333
47 81 0.166666666666667
48 81 0.5
49 81 1
50 81 0.166666666666667
51 81 0.5
54 81 1
55 81 0.666666666666667
56 81 0.333333333333333
57 81 0.166666666666667
58 81 0.5
59 81 0.333333333333333
60 81 0.666666666666667
61 81 0.166666666666667
63 81 0.25
64 81 0.166666666666667
65 81 0.333333333333333
66 81 0.5
67 81 0.166666666666667
68 81 0.5
69 81 0.5
70 81 0.5
71 81 0.333333333333333
73 81 0.4
74 81 0.333333333333333
76 81 0.333333333333333
77 81 0.333333333333333
78 81 0.5
79 81 0.666666666666667
80 81 0.333333333333333
1 82 0.5
2 82 0.5
5 82 0.5
6 82 1
7 82 0.5
9 82 0.5
11 82 0.5
12 82 0.5
13 82 0.5
14 82 0.5
16 82 0.5
17 82 0.5
18 82 0.5
21 82 0.5
23 82 0.5
24 82 1
25 82 0.5
26 82 0.5
29 82 0.5
30 82 1
31 82 0.5
32 82 0.5
33 82 0.5
36 82 1
38 82 0.5
39 82 0.5
42 82 0.5
44 82 0.5
45 82 0.5
46 82 0.5
47 82 0.5
55 82 0.5
57 82 0.5
58 82 0.5
59 82 0.5
61 82 0.5
63 82 0.5
64 82 1
65 82 0.5
66 82 0.5
71 82 0.5
76 82 0.5
77 82 1
80 82 0.5
1 83 0.666666666666667
2 83 0.6
3 83 1
4 83 0.4
5 83 0.4
6 83 0.666666666666667
7 83 0.7
8 83 0.571428571428571
9 83 0.555555555555556
10 83 0.4
11 83 0.6
12 83 0.555555555555556
13 83 0.25
14 83 0.555555555555556
15 83 0.2
16 83 0.6
17 83 0.5
18 83 0.4
19 83 0.333333333333333
21 83 0.5
22 83 0.333333333333333
23 83 0.5
24 83 0.714285714285714
25 83 0.5
26 83 0.5
27 83 0.5
28 83 0.5
29 83 0.5
30 83 0.3
31 83 0.555555555555556
32 83 0.571428571428571
33 83 0.5
34 83 0.222222222222222
36 83 0.625
37 83 0.444444444444444
38 83 0.428571428571429
39 83 0.375
40 83 0.333333333333333
41 83 0.7
42 83 0.714285714285714
43 83 0.666666666666667
44 83 0.6
45 83 0.666666666666667
46 83 1
47 83 0.5
48 83 0.5
49 83 0.5
50 83 0.166666666666667
51 83 0.5
53 83 0.666666666666667
54 83 1
55 83 0.375
56 83 0.166666666666667
57 83 0.428571428571429
58 83 0.571428571428571
59 83 0.833333333333333
60 83 0.75
61 83 0.571428571428571
62 83 1
63 83 0.75
64 83 0.5
65 83 0.333333333333333
66 83 0.444444444444444
68 83 0.5
69 83 0.75
70 83 0.571428571428571
71 83 0.5
73 83 0.8
74 83 0.5
76 83 0.333333333333333
77 83 0.571428571428571
78 83 0.714285714285714
79 83 0.666666666666667
80 83 0.333333333333333
81 83 0.666666666666667
82 83 1
1 84 0.444444444444444
2 84 0.4
4 84 0.4
5 84 0.6
6 84 0.5
7 84 0.4
8 84 0.428571428571429
9 84 0.444444444444444
10 84 0.4
11 84 0.4
12 84 0.555555555555556
13 84 0.75
14 84 0.555555555555556
15 84 0.6
16 84 0.6
17 84 1
18 84 0.6
19 84 0.444444444444444
20 84 1
21 84 0.5
23 84 0.333333333333333
24 84 0.428571428571429
25 84 0.6
26 84 0.5
27 84 0.5
29 84 0.75
30 84 0.7
31 84 0.444444444444444
32 84 0.428571428571429
33 84 0.5
34 84 0.555555555555556
35 84 1
36 84 0.75
37 84 0.444444444444444
38 84 0.714285714285714
39 84 0.75
40 84 0.666666666666667
41 84 0.3
42 84 0.571428571428571
43 84 0.666666666666667
44 84 0.5
45 84 0.833333333333333
46 84 0.5
47 84 0.625
48 84 1
50 84 0.5
51 84 0.333333333333333
53 84 0.333333333333333
54 84 0.333333333333333
55 84 0.75
56 84 0.5
57 84 0.714285714285714
58 84 0.428571428571429
59 84 0.333333333333333
60 84 0.375
61 84 0.285714285714286
63 84 0.5
64 84 0.5
65 84 0.444444444444444
66 84 0.555555555555556
67 84 0.857142857142857
68 84 0.5
69 84 0.25
70 84 0.428571428571429
71 84 0.666666666666667
72 84 1
74 84 0.333333333333333
75 84 1
76 84 0.444444444444444
77 84 0.857142857142857
78 84 0.142857142857143
79 84 0.333333333333333
80 84 0.333333333333333
81 84 0.5
82 84 1
83 84 0.4
1 85 0.428571428571429
3 85 1
4 85 0.6
5 85 0.714285714285714
6 85 0.166666666666667
7 85 0.571428571428571
8 85 0.285714285714286
9 85 0.428571428571429
10 85 0.6
11 85 0.4
12 85 0.428571428571429
13 85 0.5
14 85 0.142857142857143
15 85 0.4
16 85 0.2
17 85 0.5
18 85 0.428571428571429
19 85 0.714285714285714
20 85 1
22 85 0.666666666666667
23 85 0.333333333333333
24 85 0.428571428571429
25 85 0.571428571428571
26 85 0.285714285714286
27 85 0.5
29 85 0.25
30 85 0.428571428571429
31 85 0.571428571428571
32 85 0.285714285714286
33 85 0.333333333333333
34 85 0.428571428571429
36 85 0.428571428571429
37 85 0.571428571428571
38 85 0.285714285714286
39 85 0.428571428571429
40 85 0.5
41 85 0.285714285714286
42 85 0.142857142857143
44 85 0.285714285714286
47 85 0.142857142857143
48 85 0.5
49 85 1
50 85 0.333333333333333
51 85 0.333333333333333
52 85 1
53 85 0.666666666666667
54 85 0.333333333333333
55 85 0.428571428571429
56 85 0.333333333333333
57 85 0.428571428571429
58 85 0.428571428571429
59 85 0.5
60 85 0.285714285714286
61 85 0.142857142857143
62 85 1
63 85 0.75
64 85 0.428571428571429
65 85 0.571428571428571
66 85 0.142857142857143
67 85 0.571428571428571
69 85 0.25
70 85 0.142857142857143
71 85 0.333333333333333
72 85 1
73 85 0.2
74 85 0.333333333333333
75 85 1
76 85 0.571428571428571
77 85 0.142857142857143
78 85 0.571428571428571
79 85 0.333333333333333
80 85 0.333333333333333
81 85 0.5
83 85 0.285714285714286
84 85 0.428571428571429
1 86 0.666666666666667
2 86 1
4 86 0.333333333333333
5 86 0.333333333333333
6 86 0.333333333333333
7 86 1
8 86 0.333333333333333
9 86 0.666666666666667
10 86 0.333333333333333
11 86 0.333333333333333
12 86 0.333333333333333
14 86 1
16 86 0.333333333333333
18 86 0.333333333333333
19 86 0.333333333333333
21 86 0.333333333333333
22 86 0.333333333333333
23 86 0.333333333333333
24 86 0.666666666666667
25 86 0.333333333333333
26 86 0.666666666666667
27 86 0.333333333333333
28 86 0.333333333333333
29 86 0.333333333333333
30 86 0.666666666666667
31 86 0.333333333333333
32 86 0.333333333333333
34 86 0.666666666666667
36 86 0.333333333333333
37 86 0.333333333333333
38 86 0.333333333333333
39 86 0.333333333333333
40 86 0.333333333333333
41 86 0.333333333333333
42 86 0.666666666666667
44 86 0.666666666666667
45 86 0.666666666666667
47 86 0.666666666666667
50 86 0.333333333333333
53 86 0.333333333333333
55 86 0.666666666666667
57 86 0.333333333333333
59 86 0.333333333333333
60 86 0.333333333333333
61 86 0.333333333333333
64 86 0.333333333333333
65 86 0.333333333333333
66 86 0.333333333333333
67 86 0.333333333333333
71 86 0.666666666666667
74 86 0.666666666666667
76 86 0.333333333333333
77 86 0.333333333333333
78 86 0.333333333333333
82 86 0.5
83 86 0.666666666666667
84 86 0.666666666666667
2 87 0.5
4 87 0.5
6 87 1
8 87 0.5
9 87 0.5
11 87 0.5
14 87 0.5
15 87 0.5
18 87 0.5
19 87 1
21 87 0.5
22 87 0.5
23 87 0.5
26 87 0.5
28 87 0.5
30 87 1
31 87 0.5
32 87 0.5
33 87 0.5
34 87 1
37 87 0.5
38 87 0.5
40 87 0.5
41 87 0.5
47 87 0.5
49 87 0.5
50 87 0.5
51 87 1
55 87 0.5
56 87 0.5
60 87 0.5
61 87 1
64 87 1
65 87 0.5
66 87 1
70 87 0.5
73 87 0.5
74 87 0.5
76 87 1
78 87 0.5
79 87 0.5
80 87 0.5
81 87 0.5
85 87 0.5
1 88 0.666666666666667
2 88 0.8
4 88 0.4
5 88 0.5
6 88 0.666666666666667
7 88 0.5
8 88 0.857142857142857
9 88 0.444444444444444
10 88 0.6
11 88 0.4
12 88 0.333333333333333
13 88 0.25
14 88 0.666666666666667
15 88 0.4
16 88 0.4
18 88 0.5
19 88 0.555555555555556
21 88 0.5
22 88 1
23 88 0.5
24 88 0.428571428571429
25 88 0.4
26 88 0.6
27 88 0.5
28 88 0.75
29 88 0.75
30 88 0.7
31 88 0.444444444444444
32 88 0.571428571428571
33 88 0.333333333333333
34 88 0.777777777777778
36 88 0.625
37 88 0.444444444444444
38 88 0.571428571428571
39 88 0.75
40 88 0.666666666666667
41 88 0.5
42 88 0.428571428571429
43 88 0.333333333333333
44 88 0.4
45 88 0.666666666666667
47 88 0.625
48 88 0.5
49 88 0.5
50 88 0.5
51 88 0.666666666666667
52 88 1
53 88 0.666666666666667
54 88 0.333333333333333
55 88 0.75
56 88 0.666666666666667
57 88 0.571428571428571
58 88 0.142857142857143
59 88 0.5
60 88 0.5
61 88 0.428571428571429
64 88 0.5
65 88 0.555555555555556
66 88 0.666666666666667
67 88 0.428571428571429
68 88 1
70 88 0.571428571428571
71 88 0.5
73 88 0.2
74 88 0.5
76 88 0.555555555555556
77 88 0.428571428571429
78 88 0.428571428571429
79 88 0.666666666666667
80 88 0.666666666666667
81 88 0.5
82 88 0.5
83 88 0.4
84 88 0.5
85 88 0.428571428571429
86 88 1
87 88 1
5 89 1
8 89 1
9 89 1
10 89 1
14 89 1
15 89 1
16 89 1
18 89 1
25 89 1
26 89 1
30 89 1
33 89 1
34 89 1
36 89 1
38 89 1
39 89 1
40 89 1
47 89 1
51 89 1
53 89 1
57 89 1
64 89 1
65 89 1
67 89 1
71 89 1
76 89 1
77 89 1
78 89 1
84 89 1
85 89 1
88 89 1
9 90 1
13 90 1
14 90 1
15 90 1
16 90 1
21 90 1
25 90 1
33 90 1
35 90 1
36 90 1
43 90 1
44 90 1
45 90 1
47 90 1
50 90 1
56 90 1
61 90 1
66 90 1
67 90 1
70 90 1
76 90 1
77 90 1
84 90 1
1 91 0.444444444444444
2 91 0.4
4 91 0.2
5 91 0.7
6 91 0.333333333333333
7 91 0.5
8 91 0.285714285714286
9 91 0.555555555555556
10 91 0.8
11 91 0.8
12 91 0.555555555555556
13 91 0.25
14 91 0.333333333333333
15 91 0.8
16 91 0.4
17 91 0.5
18 91 0.5
19 91 0.555555555555556
20 91 1
22 91 0.666666666666667
23 91 0.333333333333333
24 91 0.428571428571429
25 91 0.5
26 91 0.5
27 91 0.666666666666667
28 91 0.5
29 91 0.25
30 91 0.6
31 91 0.555555555555556
32 91 0.428571428571429
33 91 0.666666666666667
34 91 0.555555555555556
36 91 0.25
37 91 0.444444444444444
38 91 0.428571428571429
39 91 0.625
40 91 0.666666666666667
41 91 0.5
42 91 0.428571428571429
43 91 0.333333333333333
44 91 0.5
45 91 0.333333333333333
47 91 0.375
49 91 1
50 91 0.5
51 91 0.666666666666667
52 91 1
53 91 0.333333333333333
54 91 0.666666666666667
55 91 0.5
56 91 0.666666666666667
57 91 0.428571428571429
58 91 0.857142857142857
59 91 0.333333333333333
60 91 0.375
61 91 0.285714285714286
63 91 0.25
64 91 0.375
65 91 0.888888888888889
66 91 0.444444444444444
67 91 0.714285714285714
68 91 0.5
69 91 0.75
70 91 0.285714285714286
71 91 0.833333333333333
73 91 0.6
74 91 0.833333333333333
76 91 0.555555555555556
77 91 0.428571428571429
78 91 0.571428571428571
79 91 0.333333333333333
80 91 0.666666666666667
81 91 0.666666666666667
83 91 0.3
84 91 0.4
85 91 0.714285714285714
86 91 0.333333333333333
87 91 0.5
88 91 0.5
89 91 1
1 92 0.555555555555556
2 92 0.4
3 92 1
4 92 0.4
5 92 0.5
6 92 0.5
7 92 0.5
8 92 0.428571428571429
9 92 0.333333333333333
10 92 0.6
11 92 0.6
12 92 0.555555555555556
13 92 0.5
14 92 0.444444444444444
15 92 0.6
16 92 0.4
18 92 0.4
19 92 0.444444444444444
21 92 0.5
22 92 0.333333333333333
23 92 0.833333333333333
24 92 0.571428571428571
25 92 0.5
26 92 0.4
27 92 0.666666666666667
28 92 0.25
29 92 0.5
30 92 0.4
31 92 0.666666666666667
32 92 0.428571428571429
33 92 0.5
34 92 0.333333333333333
36 92 0.625
37 92 0.555555555555556
38 92 0.571428571428571
39 92 0.375
40 92 0.666666666666667
41 92 0.4
42 92 0.714285714285714
43 92 0.333333333333333
44 92 0.5
45 92 0.5
46 92 0.5
47 92 0.5
48 92 1
50 92 0.333333333333333
51 92 0.666666666666667
52 92 1
53 92 0.666666666666667
54 92 0.333333333333333
55 92 0.375
56 92 0.333333333333333
57 92 0.857142857142857
58 92 0.571428571428571
59 92 0.5
60 92 0.5
61 92 0.285714285714286
62 92 1
63 92 0.5
64 92 0.625
65 92 0.444444444444444
66 92 0.444444444444444
67 92 0.571428571428571
68 92 0.5
69 92 0.75
70 92 0.428571428571429
71 92 0.666666666666667
72 92 1
73 92 0.6
74 92 0.333333333333333
75 92 1
76 92 0.444444444444444
77 92 0.714285714285714
78 92 0.571428571428571
79 92 0.333333333333333
81 92 0.333333333333333
82 92 0.5
83 92 0.6
84 92 0.5
85 92 0.571428571428571
86 92 0.333333333333333
88 92 0.4
89 92 1
91 92 0.5
1 93 0.5
2 93 0.6
4 93 0.4
5 93 0.5
6 93 0.666666666666667
7 93 0.625
8 93 0.571428571428571
9 93 0.375
10 93 0.4
11 93 0.4
12 93 0.25
13 93 0.25
14 93 0.5
15 93 0.4
16 93 0.2
18 93 0.375
19 93 0.625
21 93 0.25
22 93 1
23 93 0.5
24 93 0.285714285714286
25 93 0.125
26 93 0.625
27 93 0.5
28 93 0.5
29 93 0.25
30 93 0.5
31 93 0.5
32 93 0.428571428571429
33 93 0.333333333333333
34 93 0.625
36 93 0.375
37 93 0.5
38 93 0.428571428571429
39 93 0.5
40 93 0.5
41 93 0.625
42 93 0.428571428571429
43 93 0.666666666666667
44 93 0.625
45 93 0.5
47 93 0.375
48 93 0.5
49 93 0.5
50 93 0.333333333333333
51 93 0.666666666666667
52 93 1
53 93 0.333333333333333
54 93 0.666666666666667
55 93 0.5
56 93 0.5
57 93 0.285714285714286
58 93 0.285714285714286
59 93 0.5
60 93 0.625
61 93 0.428571428571429
64 93 0.25
65 93 0.375
66 93 0.5
67 93 0.285714285714286
68 93 0.5
69 93 0.25
70 93 0.571428571428571
71 93 0.333333333333333
73 93 0.4
74 93 0.5
76 93 0.25
77 93 0.285714285714286
78 93 0.428571428571429
79 93 0.666666666666667
80 93 0.333333333333333
81 93 0.666666666666667
83 93 0.5
84 93 0.375
85 93 0.285714285714286
86 93 0.666666666666667
87 93 1
88 93 0.875
91 93 0.5
92 93 0.375
1 94 0.222222222222222
2 94 0.4
4 94 0.4
5 94 0.4
6 94 0.5
7 94 0.4
8 94 0.428571428571429
9 94 0.666666666666667
10 94 0.4
11 94 0.4
12 94 0.333333333333333
13 94 0.5
14 94 0.666666666666667
15 94 0.8
16 94 0.6
17 94 1
18 94 0.7
19 94 0.555555555555556
20 94 1
21 94 0.75
22 94 0.333333333333333
23 94 0.333333333333333
24 94 0.142857142857143
25 94 0.5
26 94 0.5
27 94 0.333333333333333
28 94 0.25
29 94 0.25
30 94 0.7
31 94 0.555555555555556
32 94 0.428571428571429
33 94 0.666666666666667
34 94 0.666666666666667
35 94 1
36 94 0.5
37 94 0.555555555555556
38 94 0.714285714285714
39 94 0.625
40 94 0.5
41 94 0.4
42 94 0.285714285714286
43 94 0.666666666666667
44 94 0.5
45 94 0.5
46 94 1
47 94 0.625
49 94 0.5
50 94 0.5
51 94 0.5
53 94 0.333333333333333
54 94 0.333333333333333
55 94 0.5
56 94 0.666666666666667
57 94 0.571428571428571
58 94 0.428571428571429
59 94 0.166666666666667
60 94 0.375
61 94 0.714285714285714
63 94 0.25
64 94 0.625
65 94 0.555555555555556
66 94 0.555555555555556
67 94 0.714285714285714
69 94 0.5
70 94 0.428571428571429
71 94 0.5
73 94 0.4
74 94 0.5
76 94 0.444444444444444
77 94 0.571428571428571
78 94 0.428571428571429
79 94 1
80 94 0.666666666666667
81 94 0.5
82 94 0.5
83 94 0.3
84 94 0.7
85 94 0.428571428571429
86 94 0.333333333333333
87 94 1
88 94 0.5
89 94 1
90 94 1
91 94 0.5
92 94 0.3
93 94 0.5
1 95 0.4
2 95 0.4
4 95 0.2
6 95 0.2
7 95 0.2
8 95 0.2
9 95 0.8
10 95 0.4
11 95 0.4
12 95 0.4
13 95 0.25
14 95 0.6
15 95 0.6
16 95 0.6
18 95 0.2
19 95 0.4
21 95 0.25
22 95 0.666666666666667
24 95 0.4
25 95 0.4
26 95 0.4
27 95 0.2
28 95 0.5
30 95 0.4
31 95 0.4
33 95 0.6
34 95 0.6
35 95 1
36 95 0.2
37 95 0.2
38 95 0.2
40 95 0.4
41 95 0.4
42 95 0.6
43 95 0.333333333333333
44 95 0.6
45 95 0.4
47 95 0.8
49 95 0.5
50 95 0.8
51 95 0.4
53 95 0.333333333333333
55 95 0.2
56 95 0.6
57 95 0.2
58 95 0.4
59 95 0.2
60 95 0.4
61 95 0.8
64 95 0.4
65 95 0.6
66 95 0.8
67 95 0.4
69 95 0.25
70 95 0.2
71 95 0.2
73 95 0.2
74 95 0.8
76 95 0.6
77 95 0.4
78 95 0.4
79 95 0.333333333333333
80 95 0.333333333333333
81 95 0.2
83 95 0.4
84 95 0.4
85 95 0.2
86 95 0.333333333333333
87 95 0.5
88 95 0.4
90 95 1
91 95 0.6
92 95 0.4
93 95 0.4
94 95 0.6
1 96 0.571428571428571
2 96 0.6
3 96 1
4 96 0.6
5 96 0.142857142857143
6 96 0.166666666666667
7 96 0.428571428571429
8 96 0.714285714285714
9 96 0.428571428571429
10 96 0.4
12 96 0.428571428571429
13 96 0.25
14 96 0.714285714285714
15 96 0.2
16 96 0.6
18 96 0.428571428571429
19 96 0.571428571428571
21 96 0.5
22 96 0.333333333333333
23 96 0.166666666666667
24 96 0.285714285714286
25 96 0.571428571428571
26 96 0.714285714285714
27 96 0.166666666666667
28 96 1
29 96 0.5
30 96 0.285714285714286
31 96 0.285714285714286
32 96 0.571428571428571
33 96 0.333333333333333
34 96 0.571428571428571
35 96 1
36 96 0.428571428571429
37 96 0.571428571428571
38 96 0.285714285714286
39 96 0.285714285714286
40 96 0.166666666666667
41 96 0.714285714285714
42 96 0.428571428571429
43 96 0.666666666666667
44 96 0.428571428571429
45 96 0.5
47 96 0.714285714285714
50 96 0.5
51 96 0.333333333333333
53 96 0.666666666666667
54 96 0.333333333333333
55 96 0.285714285714286
56 96 0.5
57 96 0.142857142857143
58 96 0.142857142857143
59 96 0.333333333333333
60 96 0.571428571428571
61 96 0.571428571428571
62 96 1
63 96 0.25
64 96 0.285714285714286
65 96 0.285714285714286
66 96 0.714285714285714
67 96 0.142857142857143
68 96 0.5
69 96 0.25
70 96 0.714285714285714
73 96 0.4
74 96 0.333333333333333
76 96 0.571428571428571
77 96 0.142857142857143
78 96 0.285714285714286
79 96 0.333333333333333
80 96 0.333333333333333
81 96 0.166666666666667
83 96 0.571428571428571
84 96 0.285714285714286
85 96 0.142857142857143
86 96 0.333333333333333
87 96 0.5
88 96 0.571428571428571
90 96 1
91 96 0.285714285714286
92 96 0.285714285714286
93 96 0.428571428571429
94 96 0.428571428571429
95 96 0.6
1 97 0.5
2 97 0.4
3 97 1
4 97 0.6
5 97 0.375
6 97 0.333333333333333
7 97 0.5
8 97 0.571428571428571
9 97 0.5
10 97 0.6
11 97 0.2
12 97 0.5
13 97 0.25
14 97 0.375
15 97 0.2
16 97 0.6
17 97 1
18 97 0.375
19 97 0.625
20 97 1
22 97 0.666666666666667
24 97 0.428571428571429
25 97 0.5
26 97 0.625
27 97 0.166666666666667
28 97 0.75
29 97 0.5
30 97 0.5
31 97 0.5
32 97 0.571428571428571
33 97 0.5
34 97 0.5
36 97 0.375
37 97 0.5
38 97 0.285714285714286
39 97 0.5
40 97 0.333333333333333
41 97 0.625
42 97 0.428571428571429
43 97 0.333333333333333
44 97 0.5
45 97 0.333333333333333
46 97 0.5
47 97 0.375
49 97 0.5
50 97 0.5
51 97 0.333333333333333
53 97 0.666666666666667
54 97 0.333333333333333
55 97 0.5
56 97 0.5
57 97 0.142857142857143
58 97 0.428571428571429
59 97 0.5
60 97 0.375
61 97 0.571428571428571
62 97 1
63 97 0.5
64 97 0.375
65 97 0.5
66 97 0.5
67 97 0.142857142857143
68 97 0.5
69 97 0.5
70 97 0.428571428571429
73 97 0.2
74 97 0.5
76 97 0.375
77 97 0.142857142857143
78 97 0.428571428571429
79 97 0.666666666666667
80 97 1
81 97 0.5
82 97 0.5
83 97 0.625
84 97 0.375
85 97 0.428571428571429
86 97 0.333333333333333
87 97 0.5
88 97 0.5
91 97 0.5
92 97 0.25
93 97 0.375
94 97 0.5
95 97 0.6
96 97 0.714285714285714
1 98 0.4
2 98 0.2
3 98 1
4 98 0.6
5 98 0.2
6 98 0.2
7 98 0.4
8 98 0.6
9 98 0.2
12 98 0.4
13 98 0.5
14 98 0.6
15 98 0.2
16 98 0.2
18 98 0.6
19 98 0.8
21 98 0.5
23 98 0.4
24 98 0.2
25 98 0.6
26 98 0.6
27 98 0.2
28 98 0.25
29 98 0.5
30 98 0.2
31 98 0.4
32 98 0.6
33 98 0.2
34 98 0.6
35 98 1
36 98 0.6
37 98 0.8
38 98 0.4
39 98 0.2
40 98 0.2
41 98 0.4
42 98 0.4
43 98 0.666666666666667
44 98 0.2
45 98 0.4
47 98 0.6
48 98 0.5
50 98 0.4
51 98 0.2
53 98 0.333333333333333
54 98 0.333333333333333
55 98 0.4
56 98 0.4
57 98 0.4
59 98 0.2
60 98 0.6
61 98 0.4
62 98 1
63 98 0.5
64 98 0.4
66 98 0.6
67 98 0.4
70 98 0.8
72 98 1
73 98 0.2
75 98 1
76 98 0.6
77 98 0.2
78 98 0.2
79 98 0.333333333333333
81 98 0.2
83 98 0.4
84 98 0.6
85 98 0.4
87 98 0.5
88 98 0.4
90 98 1
92 98 0.4
93 98 0.4
94 98 0.6
95 98 0.2
96 98 0.8
97 98 0.4
1 99 0.333333333333333
2 99 0.2
4 99 0.2
5 99 0.166666666666667
6 99 0.333333333333333
7 99 0.333333333333333
8 99 0.5
9 99 0.5
10 99 0.2
11 99 0.4
12 99 0.166666666666667
14 99 0.666666666666667
15 99 0.6
16 99 0.2
18 99 0.833333333333333
19 99 0.5
21 99 0.5
22 99 0.333333333333333
23 99 0.333333333333333
25 99 0.5
26 99 0.5
27 99 0.166666666666667
28 99 0.25
29 99 0.25
30 99 0.666666666666667
31 99 0.666666666666667
32 99 0.333333333333333
33 99 0.333333333333333
34 99 0.833333333333333
36 99 0.333333333333333
37 99 0.5
38 99 0.5
39 99 0.333333333333333
40 99 0.333333333333333
41 99 0.5
42 99 0.333333333333333
43 99 0.333333333333333
44 99 0.166666666666667
45 99 0.166666666666667
46 99 0.5
47 99 0.666666666666667
49 99 0.5
50 99 0.333333333333333
51 99 0.5
53 99 0.333333333333333
54 99 0.333333333333333
55 99 0.333333333333333
56 99 0.5
57 99 0.666666666666667
58 99 0.166666666666667
60 99 0.5
61 99 0.5
64 99 0.666666666666667
65 99 0.5
66 99 0.666666666666667
67 99 0.333333333333333
69 99 0.25
70 99 0.333333333333333
71 99 0.333333333333333
73 99 0.4
74 99 0.333333333333333
76 99 0.5
77 99 0.333333333333333
78 99 0.5
79 99 1
80 99 0.333333333333333
81 99 0.333333333333333
83 99 0.333333333333333
84 99 0.5
85 99 0.333333333333333
87 99 1
88 99 0.666666666666667
89 99 1
91 99 0.5
92 99 0.5
93 99 0.5
94 99 1
95 99 0.4
96 99 0.333333333333333
97 99 0.333333333333333
98 99 0.4
1 100 0.5
2 100 0.4
4 100 0.6
5 100 0.5
6 100 0.333333333333333
7 100 0.625
8 100 0.714285714285714
9 100 0.5
10 100 0.6
11 100 0.2
12 100 0.25
14 100 0.625
15 100 0.2
16 100 0.4
17 100 0.5
18 100 0.625
19 100 0.375
20 100 1
21 100 0.5
22 100 0.333333333333333
23 100 0.333333333333333
24 100 0.285714285714286
25 100 0.625
26 100 0.5
27 100 0.333333333333333
28 100 0.5
29 100 0.25
30 100 0.5
31 100 0.375
32 100 0.428571428571429
33 100 0.166666666666667
34 100 0.5
36 100 0.375
37 100 0.5
38 100 0.428571428571429
39 100 0.5
40 100 0.333333333333333
41 100 0.875
42 100 0.285714285714286
43 100 0.333333333333333
44 100 0.5
45 100 0.333333333333333
46 100 0.5
47 100 0.5
48 100 0.5
49 100 0.5
50 100 0.166666666666667
51 100 0.5
53 100 0.666666666666667
54 100 0.666666666666667
55 100 0.375
56 100 0.166666666666667
57 100 0.428571428571429
58 100 0.285714285714286
59 100 0.5
60 100 0.625
61 100 0.428571428571429
63 100 0.25
64 100 0.375
65 100 0.25
66 100 0.375
67 100 0.285714285714286
68 100 0.5
69 100 0.5
70 100 0.428571428571429
71 100 0.333333333333333
73 100 0.6
74 100 0.333333333333333
76 100 0.375
77 100 0.285714285714286
78 100 0.571428571428571
79 100 0.666666666666667
81 100 0.666666666666667
83 100 0.625
84 100 0.5
85 100 0.428571428571429
86 100 0.333333333333333
87 100 0.5
88 100 0.625
89 100 1
91 100 0.375
92 100 0.375
93 100 0.5
94 100 0.625
95 100 0.2
96 100 0.428571428571429
97 100 0.375
98 100 0.4
99 100 0.666666666666667
