#module 0 size: 21 bs: 1.47483e-10
4 19 26 38 49 53 54 55 61 64 66 70 71 72 76 81 82 86 92 93 96 
#module 1 size: 36 bs: 3.6066e-05
1 2 5 7 8 11 15 16 21 24 27 28 33 40 42 43 45 51 62 67 69 73 74 77 78 79 80 84 85 87 88 89 90 91 94 97 
#module 2 size: 27 bs: 0.119052
4 5 8 12 18 19 22 34 41 42 44 45 50 51 52 55 61 62 64 70 75 77 81 83 84 94 96 
#module 3 size: 10 bs: 0.000302453
26 37 39 48 54 59 60 65 66 95 
#module 4 size: 41 bs: 0.617006
1 3 6 9 10 11 13 14 16 17 20 23 24 25 29 30 31 32 33 35 36 43 46 47 56 58 63 68 69 78 80 85 87 88 89 90 91 97 98 99 100 
